 0.01
 3.391181e+00  -3.856802e+00   4.656210e-01   3.399658e+00   8.414693e+00  -1.181435e+01  -5.900825e+00   5.443681e+00   4.571437e-01  -5.909302e+00   1.771518e+01  -1.180587e+01  
 
 Cauchy =-1.029856e+01   1.139936e+01   1.039049e-02  
 1.139936e+01   3.611278e+00  -1.504085e+01  
 1.039049e-02  -1.504085e+01   6.687281e+00  


 Param == -1.029856e+01   1.139936e+01   1.039049e-02   3.611278e+00  -1.504085e+01  0.02
 3.391181e+00  -3.856802e+00   4.656210e-01   3.399658e+00   8.414693e+00  -1.181435e+01  -5.900825e+00   5.443681e+00   4.571437e-01  -5.909302e+00   1.771518e+01  -1.180587e+01  
 
 Cauchy =-1.029856e+01   1.139936e+01   1.039049e-02  
 1.139936e+01   3.611278e+00  -1.504085e+01  
 1.039049e-02  -1.504085e+01   6.687281e+00  


 Param == -1.029856e+01   1.139936e+01   1.039049e-02   3.611278e+00  -1.504085e+01  0.03
 3.391181e+00  -3.856802e+00   4.656210e-01   3.399658e+00   8.414693e+00  -1.181435e+01  -5.900825e+00   5.443681e+00   4.571437e-01  -5.909302e+00   1.771518e+01  -1.180587e+01  
 
 Cauchy =-1.029856e+01   1.139936e+01   1.039049e-02  
 1.139936e+01   3.611278e+00  -1.504085e+01  
 1.039049e-02  -1.504085e+01   6.687281e+00  


 Param == -1.029856e+01   1.139936e+01   1.039049e-02   3.611278e+00  -1.504085e+01  0.04
 3.391181e+00  -3.856802e+00   4.656210e-01   3.399658e+00   8.414693e+00  -1.181435e+01  -5.900825e+00   5.443681e+00   4.571437e-01  -5.909302e+00   1.771518e+01  -1.180587e+01  
 
 Cauchy =-1.029856e+01   1.139936e+01   1.039049e-02  
 1.139936e+01   3.611278e+00  -1.504085e+01  
 1.039049e-02  -1.504085e+01   6.687281e+00  


 Param == -1.029856e+01   1.139936e+01   1.039049e-02   3.611278e+00  -1.504085e+01  0.05
 3.391181e+00  -3.856802e+00   4.656210e-01   3.399658e+00   8.414693e+00  -1.181435e+01  -5.900825e+00   5.443681e+00   4.571437e-01  -5.909302e+00   1.771518e+01  -1.180587e+01  
 
 Cauchy =-1.029856e+01   1.139936e+01   1.039049e-02  
 1.139936e+01   3.611278e+00  -1.504085e+01  
 1.039049e-02  -1.504085e+01   6.687281e+00  


 Param == -1.029856e+01   1.139936e+01   1.039049e-02   3.611278e+00  -1.504085e+01  0.06
 3.391181e+00  -3.856802e+00   4.656210e-01   3.399658e+00   8.414693e+00  -1.181435e+01  -5.900825e+00   5.443681e+00   4.571437e-01  -5.909302e+00   1.771518e+01  -1.180587e+01  
 
 Cauchy =-1.029856e+01   1.139936e+01   1.039049e-02  
 1.139936e+01   3.611278e+00  -1.504085e+01  
 1.039049e-02  -1.504085e+01   6.687281e+00  


 Param == -1.029856e+01   1.139936e+01   1.039049e-02   3.611278e+00  -1.504085e+01  0.07
 3.391181e+00  -3.856802e+00   4.656210e-01   3.399658e+00   8.414693e+00  -1.181435e+01  -5.900825e+00   5.443681e+00   4.571437e-01  -5.909302e+00   1.771518e+01  -1.180587e+01  
 
 Cauchy =-1.029856e+01   1.139936e+01   1.039049e-02  
 1.139936e+01   3.611278e+00  -1.504085e+01  
 1.039049e-02  -1.504085e+01   6.687281e+00  


 Param == -1.029856e+01   1.139936e+01   1.039049e-02   3.611278e+00  -1.504085e+01  0.08
 3.391181e+00  -3.856802e+00   4.656210e-01   3.399658e+00   8.414693e+00  -1.181435e+01  -5.900825e+00   5.443681e+00   4.571437e-01  -5.909302e+00   1.771518e+01  -1.180587e+01  
 
 Cauchy =-1.029856e+01   1.139936e+01   1.039049e-02  
 1.139936e+01   3.611278e+00  -1.504085e+01  
 1.039049e-02  -1.504085e+01   6.687281e+00  


 Param == -1.029856e+01   1.139936e+01   1.039049e-02   3.611278e+00  -1.504085e+01  0.09
 3.391181e+00  -3.856802e+00   4.656210e-01   3.399658e+00   8.414693e+00  -1.181435e+01  -5.900825e+00   5.443681e+00   4.571437e-01  -5.909302e+00   1.771518e+01  -1.180587e+01  
 
 Cauchy =-1.029856e+01   1.139936e+01   1.039049e-02  
 1.139936e+01   3.611278e+00  -1.504085e+01  
 1.039049e-02  -1.504085e+01   6.687281e+00  


 Param == -1.029856e+01   1.139936e+01   1.039049e-02   3.611278e+00  -1.504085e+01  0.1
 3.391181e+00  -3.856802e+00   4.656210e-01   3.399658e+00   8.414693e+00  -1.181435e+01  -5.900825e+00   5.443681e+00   4.571437e-01  -5.909302e+00   1.771518e+01  -1.180587e+01  
 
 Cauchy =-1.029856e+01   1.139936e+01   1.039049e-02  
 1.139936e+01   3.611278e+00  -1.504085e+01  
 1.039049e-02  -1.504085e+01   6.687281e+00  


 Param == -1.029856e+01   1.139936e+01   1.039049e-02   3.611278e+00  -1.504085e+01  0.01
-1.681772e+01   1.993539e+01  -3.117664e+00  -1.963332e+01   1.689496e+01   2.738359e+00  -2.558692e+01   2.588899e+01  -3.020647e-01  -2.277132e+01   2.284856e+01  -7.724040e-02  
 
 Cauchy =-1.763469e+01   7.297170e+00  -3.451005e+00  
 7.297170e+00  -1.716978e+01   3.726567e+00  
-3.451005e+00   3.726567e+00   3.480447e+01  


 Param == -1.763469e+01   7.297170e+00  -3.451005e+00  -1.716978e+01   3.726567e+00  0.02
-1.618046e+01   2.030318e+01  -4.122722e+00  -1.890979e+01  -6.004520e+00   2.491431e+01  -2.449253e+01   2.588591e+01  -1.393385e+00  -2.176319e+01  -4.217868e-01   2.218498e+01  
 
 Cauchy = 3.718694e-01   6.842608e+00  -3.345276e+00  
 6.842608e+00  -2.511183e+01   3.224465e+01  
-3.345276e+00   3.224465e+01   2.473996e+01  


 Param ==  3.718694e-01   6.842608e+00  -3.345276e+00  -2.511183e+01   3.224465e+01  0.03
-1.618046e+01   2.030318e+01  -4.122722e+00  -1.890979e+01  -6.004520e+00   2.491431e+01  -2.449253e+01   2.588591e+01  -1.393385e+00  -2.176319e+01  -4.217868e-01   2.218498e+01  
 
 Cauchy = 3.718694e-01   6.842608e+00  -3.345276e+00  
 6.842608e+00  -2.511183e+01   3.224465e+01  
-3.345276e+00   3.224465e+01   2.473996e+01  


 Param ==  3.718694e-01   6.842608e+00  -3.345276e+00  -2.511183e+01   3.224465e+01  0.04
-1.618046e+01   2.030318e+01  -4.122722e+00  -1.890979e+01  -6.004520e+00   2.491431e+01  -2.449253e+01   2.588591e+01  -1.393385e+00  -2.176319e+01  -4.217868e-01   2.218498e+01  
 
 Cauchy = 3.718694e-01   6.842608e+00  -3.345276e+00  
 6.842608e+00  -2.511183e+01   3.224465e+01  
-3.345276e+00   3.224465e+01   2.473996e+01  


 Param ==  3.718694e-01   6.842608e+00  -3.345276e+00  -2.511183e+01   3.224465e+01  0.05
-1.618046e+01   2.030318e+01  -4.122722e+00  -1.890979e+01  -6.004520e+00   2.491431e+01  -2.449253e+01   2.588591e+01  -1.393385e+00  -2.176319e+01  -4.217868e-01   2.218498e+01  
 
 Cauchy = 3.718694e-01   6.842608e+00  -3.345276e+00  
 6.842608e+00  -2.511183e+01   3.224465e+01  
-3.345276e+00   3.224465e+01   2.473996e+01  


 Param ==  3.718694e-01   6.842608e+00  -3.345276e+00  -2.511183e+01   3.224465e+01  0.06
-1.618046e+01   2.030318e+01  -4.122722e+00  -1.890979e+01  -6.004520e+00   2.491431e+01  -2.449253e+01   2.588591e+01  -1.393385e+00  -2.176319e+01  -4.217868e-01   2.218498e+01  
 
 Cauchy = 3.718694e-01   6.842608e+00  -3.345276e+00  
 6.842608e+00  -2.511183e+01   3.224465e+01  
-3.345276e+00   3.224465e+01   2.473996e+01  


 Param ==  3.718694e-01   6.842608e+00  -3.345276e+00  -2.511183e+01   3.224465e+01  0.07
-1.618046e+01   2.030318e+01  -4.122722e+00  -1.890979e+01  -6.004520e+00   2.491431e+01  -2.449253e+01   2.588591e+01  -1.393385e+00  -2.176319e+01  -4.217868e-01   2.218498e+01  
 
 Cauchy = 3.718694e-01   6.842608e+00  -3.345276e+00  
 6.842608e+00  -2.511183e+01   3.224465e+01  
-3.345276e+00   3.224465e+01   2.473996e+01  


 Param ==  3.718694e-01   6.842608e+00  -3.345276e+00  -2.511183e+01   3.224465e+01  0.08
-1.618046e+01   2.030318e+01  -4.122722e+00  -1.890979e+01  -6.004520e+00   2.491431e+01  -2.449253e+01   2.588591e+01  -1.393385e+00  -2.176319e+01  -4.217868e-01   2.218498e+01  
 
 Cauchy = 3.718694e-01   6.842608e+00  -3.345276e+00  
 6.842608e+00  -2.511183e+01   3.224465e+01  
-3.345276e+00   3.224465e+01   2.473996e+01  


 Param ==  3.718694e-01   6.842608e+00  -3.345276e+00  -2.511183e+01   3.224465e+01  0.09
-1.618046e+01   2.030318e+01  -4.122722e+00  -1.890979e+01  -6.004520e+00   2.491431e+01  -2.449253e+01   2.588591e+01  -1.393385e+00  -2.176319e+01  -4.217868e-01   2.218498e+01  
 
 Cauchy = 3.718694e-01   6.842608e+00  -3.345276e+00  
 6.842608e+00  -2.511183e+01   3.224465e+01  
-3.345276e+00   3.224465e+01   2.473996e+01  


 Param ==  3.718694e-01   6.842608e+00  -3.345276e+00  -2.511183e+01   3.224465e+01  0.1
-1.618046e+01   2.030318e+01  -4.122722e+00  -1.890979e+01  -6.004520e+00   2.491431e+01  -2.449253e+01   2.588591e+01  -1.393385e+00  -2.176319e+01  -4.217868e-01   2.218498e+01  
 
 Cauchy = 3.718694e-01   6.842608e+00  -3.345276e+00  
 6.842608e+00  -2.511183e+01   3.224465e+01  
-3.345276e+00   3.224465e+01   2.473996e+01  


 Param ==  3.718694e-01   6.842608e+00  -3.345276e+00  -2.511183e+01   3.224465e+01  0.01
-1.740173e+01   2.062894e+01  -3.227210e+00  -2.031616e+01   1.781207e+01   2.504094e+00  -2.648924e+01   2.680203e+01  -3.127811e-01  -2.357482e+01   2.398515e+01  -4.103350e-01  
 
 Cauchy =-1.852287e+01   7.566184e+00  -3.572138e+00  
 7.566184e+00  -1.763657e+01   3.452569e+00  
-3.572138e+00   3.452569e+00   3.615944e+01  


 Param == -1.852287e+01   7.566184e+00  -3.572138e+00  -1.763657e+01   3.452569e+00  0.02
-1.674542e+01   2.102203e+01  -4.276608e+00  -1.957045e+01  -6.222956e+00   2.579341e+01  -2.534719e+01   2.679876e+01  -1.451573e+00  -2.252215e+01  -4.462201e-01   2.296837e+01  
 
 Cauchy = 3.844507e-01   7.080392e+00  -3.462570e+00  
 7.080392e+00  -2.598812e+01   3.339345e+01  
-3.462570e+00   3.339345e+01   2.560367e+01  


 Param ==  3.844507e-01   7.080392e+00  -3.462570e+00  -2.598812e+01   3.339345e+01  0.03
-1.674542e+01   2.102203e+01  -4.276608e+00  -1.957045e+01  -6.222956e+00   2.579341e+01  -2.534719e+01   2.679876e+01  -1.451573e+00  -2.252215e+01  -4.462201e-01   2.296837e+01  
 
 Cauchy = 3.844507e-01   7.080392e+00  -3.462570e+00  
 7.080392e+00  -2.598812e+01   3.339345e+01  
-3.462570e+00   3.339345e+01   2.560367e+01  


 Param ==  3.844507e-01   7.080392e+00  -3.462570e+00  -2.598812e+01   3.339345e+01  0.04
-1.674542e+01   2.102203e+01  -4.276608e+00  -1.957045e+01  -6.222956e+00   2.579341e+01  -2.534719e+01   2.679876e+01  -1.451573e+00  -2.252215e+01  -4.462201e-01   2.296837e+01  
 
 Cauchy = 3.844507e-01   7.080392e+00  -3.462570e+00  
 7.080392e+00  -2.598812e+01   3.339345e+01  
-3.462570e+00   3.339345e+01   2.560367e+01  


 Param ==  3.844507e-01   7.080392e+00  -3.462570e+00  -2.598812e+01   3.339345e+01  0.05
-1.674542e+01   2.102203e+01  -4.276608e+00  -1.957045e+01  -6.222956e+00   2.579341e+01  -2.534719e+01   2.679876e+01  -1.451573e+00  -2.252215e+01  -4.462201e-01   2.296837e+01  
 
 Cauchy = 3.844507e-01   7.080392e+00  -3.462570e+00  
 7.080392e+00  -2.598812e+01   3.339345e+01  
-3.462570e+00   3.339345e+01   2.560367e+01  


 Param ==  3.844507e-01   7.080392e+00  -3.462570e+00  -2.598812e+01   3.339345e+01  0.06
-1.674542e+01   2.102203e+01  -4.276608e+00  -1.957045e+01  -6.222956e+00   2.579341e+01  -2.534719e+01   2.679876e+01  -1.451573e+00  -2.252215e+01  -4.462201e-01   2.296837e+01  
 
 Cauchy = 3.844507e-01   7.080392e+00  -3.462570e+00  
 7.080392e+00  -2.598812e+01   3.339345e+01  
-3.462570e+00   3.339345e+01   2.560367e+01  


 Param ==  3.844507e-01   7.080392e+00  -3.462570e+00  -2.598812e+01   3.339345e+01  0.07
-1.674542e+01   2.102203e+01  -4.276608e+00  -1.957045e+01  -6.222956e+00   2.579341e+01  -2.534719e+01   2.679876e+01  -1.451573e+00  -2.252215e+01  -4.462201e-01   2.296837e+01  
 
 Cauchy = 3.844507e-01   7.080392e+00  -3.462570e+00  
 7.080392e+00  -2.598812e+01   3.339345e+01  
-3.462570e+00   3.339345e+01   2.560367e+01  


 Param ==  3.844507e-01   7.080392e+00  -3.462570e+00  -2.598812e+01   3.339345e+01  0.08
-1.674542e+01   2.102203e+01  -4.276608e+00  -1.957045e+01  -6.222956e+00   2.579341e+01  -2.534719e+01   2.679876e+01  -1.451573e+00  -2.252215e+01  -4.462201e-01   2.296837e+01  
 
 Cauchy = 3.844507e-01   7.080392e+00  -3.462570e+00  
 7.080392e+00  -2.598812e+01   3.339345e+01  
-3.462570e+00   3.339345e+01   2.560367e+01  


 Param ==  3.844507e-01   7.080392e+00  -3.462570e+00  -2.598812e+01   3.339345e+01  0.09
-1.674542e+01   2.102203e+01  -4.276608e+00  -1.957045e+01  -6.222956e+00   2.579341e+01  -2.534719e+01   2.679876e+01  -1.451573e+00  -2.252215e+01  -4.462201e-01   2.296837e+01  
 
 Cauchy = 3.844507e-01   7.080392e+00  -3.462570e+00  
 7.080392e+00  -2.598812e+01   3.339345e+01  
-3.462570e+00   3.339345e+01   2.560367e+01  


 Param ==  3.844507e-01   7.080392e+00  -3.462570e+00  -2.598812e+01   3.339345e+01  0.1
-1.674542e+01   2.102203e+01  -4.276608e+00  -1.957045e+01  -6.222956e+00   2.579341e+01  -2.534719e+01   2.679876e+01  -1.451573e+00  -2.252215e+01  -4.462201e-01   2.296837e+01  
 
 Cauchy = 3.844507e-01   7.080392e+00  -3.462570e+00  
 7.080392e+00  -2.598812e+01   3.339345e+01  
-3.462570e+00   3.339345e+01   2.560367e+01  


 Param ==  3.844507e-01   7.080392e+00  -3.462570e+00  -2.598812e+01   3.339345e+01  0.01
-1.774461e+01   2.103927e+01  -3.294662e+00  -2.071995e+01   1.847506e+01   2.244888e+00  -2.703169e+01   2.735102e+01  -3.193259e-01  -2.405636e+01   2.478680e+01  -7.304483e-01  
 
 Cauchy =-1.915149e+01   7.736140e+00  -3.646790e+00  
 7.736140e+00  -1.786481e+01   3.142889e+00  
-3.646790e+00   3.142889e+00   3.701631e+01  


 Param == -1.915149e+01   7.736140e+00  -3.646790e+00  -1.786481e+01   3.142889e+00  0.02
-1.708770e+01   2.144958e+01  -4.361874e+00  -1.997109e+01  -6.348613e+00   2.631970e+01  -2.586913e+01   2.734761e+01  -1.478489e+00  -2.298574e+01  -4.505750e-01   2.343631e+01  
 
 Cauchy = 3.917354e-01   7.229068e+00  -3.534089e+00  
 7.229068e+00  -2.652139e+01   3.407150e+01  
-3.534089e+00   3.407150e+01   2.612965e+01  


 Param ==  3.917354e-01   7.229068e+00  -3.534089e+00  -2.652139e+01   3.407150e+01  0.03
-1.708770e+01   2.144958e+01  -4.361874e+00  -1.997109e+01  -6.348613e+00   2.631970e+01  -2.586913e+01   2.734761e+01  -1.478489e+00  -2.298574e+01  -4.505750e-01   2.343631e+01  
 
 Cauchy = 3.917354e-01   7.229068e+00  -3.534089e+00  
 7.229068e+00  -2.652139e+01   3.407150e+01  
-3.534089e+00   3.407150e+01   2.612965e+01  


 Param ==  3.917354e-01   7.229068e+00  -3.534089e+00  -2.652139e+01   3.407150e+01  0.04
-1.708770e+01   2.144958e+01  -4.361874e+00  -1.997109e+01  -6.348613e+00   2.631970e+01  -2.586913e+01   2.734761e+01  -1.478489e+00  -2.298574e+01  -4.505750e-01   2.343631e+01  
 
 Cauchy = 3.917354e-01   7.229068e+00  -3.534089e+00  
 7.229068e+00  -2.652139e+01   3.407150e+01  
-3.534089e+00   3.407150e+01   2.612965e+01  


 Param ==  3.917354e-01   7.229068e+00  -3.534089e+00  -2.652139e+01   3.407150e+01  0.05
-1.708770e+01   2.144958e+01  -4.361874e+00  -1.997109e+01  -6.348613e+00   2.631970e+01  -2.586913e+01   2.734761e+01  -1.478489e+00  -2.298574e+01  -4.505750e-01   2.343631e+01  
 
 Cauchy = 3.917354e-01   7.229068e+00  -3.534089e+00  
 7.229068e+00  -2.652139e+01   3.407150e+01  
-3.534089e+00   3.407150e+01   2.612965e+01  


 Param ==  3.917354e-01   7.229068e+00  -3.534089e+00  -2.652139e+01   3.407150e+01  0.06
-1.708770e+01   2.144958e+01  -4.361874e+00  -1.997109e+01  -6.348613e+00   2.631970e+01  -2.586913e+01   2.734761e+01  -1.478489e+00  -2.298574e+01  -4.505750e-01   2.343631e+01  
 
 Cauchy = 3.917354e-01   7.229068e+00  -3.534089e+00  
 7.229068e+00  -2.652139e+01   3.407150e+01  
-3.534089e+00   3.407150e+01   2.612965e+01  


 Param ==  3.917354e-01   7.229068e+00  -3.534089e+00  -2.652139e+01   3.407150e+01  0.07
-1.708770e+01   2.144958e+01  -4.361874e+00  -1.997109e+01  -6.348613e+00   2.631970e+01  -2.586913e+01   2.734761e+01  -1.478489e+00  -2.298574e+01  -4.505750e-01   2.343631e+01  
 
 Cauchy = 3.917354e-01   7.229068e+00  -3.534089e+00  
 7.229068e+00  -2.652139e+01   3.407150e+01  
-3.534089e+00   3.407150e+01   2.612965e+01  


 Param ==  3.917354e-01   7.229068e+00  -3.534089e+00  -2.652139e+01   3.407150e+01  0.08
-1.708770e+01   2.144958e+01  -4.361874e+00  -1.997109e+01  -6.348613e+00   2.631970e+01  -2.586913e+01   2.734761e+01  -1.478489e+00  -2.298574e+01  -4.505750e-01   2.343631e+01  
 
 Cauchy = 3.917354e-01   7.229068e+00  -3.534089e+00  
 7.229068e+00  -2.652139e+01   3.407150e+01  
-3.534089e+00   3.407150e+01   2.612965e+01  


 Param ==  3.917354e-01   7.229068e+00  -3.534089e+00  -2.652139e+01   3.407150e+01  0.09
-1.708770e+01   2.144958e+01  -4.361874e+00  -1.997109e+01  -6.348613e+00   2.631970e+01  -2.586913e+01   2.734761e+01  -1.478489e+00  -2.298574e+01  -4.505750e-01   2.343631e+01  
 
 Cauchy = 3.917354e-01   7.229068e+00  -3.534089e+00  
 7.229068e+00  -2.652139e+01   3.407150e+01  
-3.534089e+00   3.407150e+01   2.612965e+01  


 Param ==  3.917354e-01   7.229068e+00  -3.534089e+00  -2.652139e+01   3.407150e+01  0.1
-1.708770e+01   2.144958e+01  -4.361874e+00  -1.997109e+01  -6.348613e+00   2.631970e+01  -2.586913e+01   2.734761e+01  -1.478489e+00  -2.298574e+01  -4.505750e-01   2.343631e+01  
 
 Cauchy = 3.917354e-01   7.229068e+00  -3.534089e+00  
 7.229068e+00  -2.652139e+01   3.407150e+01  
-3.534089e+00   3.407150e+01   2.612965e+01  


 Param ==  3.917354e-01   7.229068e+00  -3.534089e+00  -2.652139e+01   3.407150e+01  0.01
-1.798847e+01   2.133201e+01  -3.343535e+00  -2.100797e+01   1.896777e+01   2.040199e+00  -2.742332e+01   2.774736e+01  -3.240409e-01  -2.440383e+01   2.538312e+01  -9.792953e-01  
 
 Cauchy =-1.961832e+01   7.863132e+00  -3.700914e+00  
 7.863132e+00  -1.802086e+01   2.897786e+00  
-3.700914e+00   2.897786e+00   3.763917e+01  


 Param == -1.961832e+01   7.863132e+00  -3.700914e+00  -1.802086e+01   2.897786e+00  0.02
-1.733558e+01   2.176071e+01  -4.425131e+00  -2.026080e+01  -6.440697e+00   2.670149e+01  -2.624391e+01   2.774382e+01  -1.499913e+00  -2.331869e+01  -4.575838e-01   2.377628e+01  
 
 Cauchy = 3.976237e-01   7.333344e+00  -3.585362e+00  
 7.333344e+00  -2.690592e+01   3.456571e+01  
-3.585362e+00   3.456571e+01   2.650830e+01  


 Param ==  3.976237e-01   7.333344e+00  -3.585362e+00  -2.690592e+01   3.456571e+01  0.03
-1.733558e+01   2.176071e+01  -4.425131e+00  -2.026080e+01  -6.440697e+00   2.670149e+01  -2.624391e+01   2.774382e+01  -1.499913e+00  -2.331869e+01  -4.575838e-01   2.377628e+01  
 
 Cauchy = 3.976237e-01   7.333344e+00  -3.585362e+00  
 7.333344e+00  -2.690592e+01   3.456571e+01  
-3.585362e+00   3.456571e+01   2.650830e+01  


 Param ==  3.976237e-01   7.333344e+00  -3.585362e+00  -2.690592e+01   3.456571e+01  0.04
-1.733558e+01   2.176071e+01  -4.425131e+00  -2.026080e+01  -6.440697e+00   2.670149e+01  -2.624391e+01   2.774382e+01  -1.499913e+00  -2.331869e+01  -4.575838e-01   2.377628e+01  
 
 Cauchy = 3.976237e-01   7.333344e+00  -3.585362e+00  
 7.333344e+00  -2.690592e+01   3.456571e+01  
-3.585362e+00   3.456571e+01   2.650830e+01  


 Param ==  3.976237e-01   7.333344e+00  -3.585362e+00  -2.690592e+01   3.456571e+01  0.05
-1.733558e+01   2.176071e+01  -4.425131e+00  -2.026080e+01  -6.440697e+00   2.670149e+01  -2.624391e+01   2.774382e+01  -1.499913e+00  -2.331869e+01  -4.575838e-01   2.377628e+01  
 
 Cauchy = 3.976237e-01   7.333344e+00  -3.585362e+00  
 7.333344e+00  -2.690592e+01   3.456571e+01  
-3.585362e+00   3.456571e+01   2.650830e+01  


 Param ==  3.976237e-01   7.333344e+00  -3.585362e+00  -2.690592e+01   3.456571e+01  0.06
-1.733558e+01   2.176071e+01  -4.425131e+00  -2.026080e+01  -6.440697e+00   2.670149e+01  -2.624391e+01   2.774382e+01  -1.499913e+00  -2.331869e+01  -4.575838e-01   2.377628e+01  
 
 Cauchy = 3.976237e-01   7.333344e+00  -3.585362e+00  
 7.333344e+00  -2.690592e+01   3.456571e+01  
-3.585362e+00   3.456571e+01   2.650830e+01  


 Param ==  3.976237e-01   7.333344e+00  -3.585362e+00  -2.690592e+01   3.456571e+01  0.07
-1.733558e+01   2.176071e+01  -4.425131e+00  -2.026080e+01  -6.440697e+00   2.670149e+01  -2.624391e+01   2.774382e+01  -1.499913e+00  -2.331869e+01  -4.575838e-01   2.377628e+01  
 
 Cauchy = 3.976237e-01   7.333344e+00  -3.585362e+00  
 7.333344e+00  -2.690592e+01   3.456571e+01  
-3.585362e+00   3.456571e+01   2.650830e+01  


 Param ==  3.976237e-01   7.333344e+00  -3.585362e+00  -2.690592e+01   3.456571e+01  0.08
-1.733558e+01   2.176071e+01  -4.425131e+00  -2.026080e+01  -6.440697e+00   2.670149e+01  -2.624391e+01   2.774382e+01  -1.499913e+00  -2.331869e+01  -4.575838e-01   2.377628e+01  
 
 Cauchy = 3.976237e-01   7.333344e+00  -3.585362e+00  
 7.333344e+00  -2.690592e+01   3.456571e+01  
-3.585362e+00   3.456571e+01   2.650830e+01  


 Param ==  3.976237e-01   7.333344e+00  -3.585362e+00  -2.690592e+01   3.456571e+01  0.09
-1.733558e+01   2.176071e+01  -4.425131e+00  -2.026080e+01  -6.440697e+00   2.670149e+01  -2.624391e+01   2.774382e+01  -1.499913e+00  -2.331869e+01  -4.575838e-01   2.377628e+01  
 
 Cauchy = 3.976237e-01   7.333344e+00  -3.585362e+00  
 7.333344e+00  -2.690592e+01   3.456571e+01  
-3.585362e+00   3.456571e+01   2.650830e+01  


 Param ==  3.976237e-01   7.333344e+00  -3.585362e+00  -2.690592e+01   3.456571e+01  0.1
-1.733558e+01   2.176071e+01  -4.425131e+00  -2.026080e+01  -6.440697e+00   2.670149e+01  -2.624391e+01   2.774382e+01  -1.499913e+00  -2.331869e+01  -4.575838e-01   2.377628e+01  
 
 Cauchy = 3.976237e-01   7.333344e+00  -3.585362e+00  
 7.333344e+00  -2.690592e+01   3.456571e+01  
-3.585362e+00   3.456571e+01   2.650830e+01  


 Param ==  3.976237e-01   7.333344e+00  -3.585362e+00  -2.690592e+01   3.456571e+01  0.01
-2.274594e+01   1.252006e+01   1.022587e+01   1.250015e+01   1.217732e+01  -2.467747e+01   8.941398e+00   1.607881e+01  -2.502021e+01  -2.630469e+01   1.573607e+01   1.056862e+01  
 
 Cauchy =-1.744857e+01   4.361867e+00   4.320019e+01  
 4.361867e+00   2.643597e-01   4.200915e-01  
 4.320019e+01   4.200915e-01   1.718421e+01  


 Param == -1.744857e+01   4.361867e+00   4.320019e+01   2.643597e-01   4.200915e-01  0.02
-2.313100e+01   2.218070e+00   2.091293e+01   2.248991e+01  -3.092093e+00  -1.939782e+01   2.446003e+01   2.479569e-01  -2.470799e+01  -2.116089e+01  -5.062206e+00   2.622309e+01  
 
 Cauchy = 1.781002e+00  -2.414716e+00   5.591634e+01  
-2.414716e+00  -7.602294e-02   6.508526e+00  
 5.591634e+01   6.508526e+00  -1.704980e+00  


 Param ==  1.781002e+00  -2.414716e+00   5.591634e+01  -7.602294e-02   6.508526e+00  0.03
-2.313100e+01   2.218070e+00   2.091293e+01   2.248991e+01  -3.092093e+00  -1.939782e+01   2.446003e+01   2.479569e-01  -2.470799e+01  -2.116089e+01  -5.062206e+00   2.622309e+01  
 
 Cauchy = 1.781002e+00  -2.414716e+00   5.591634e+01  
-2.414716e+00  -7.602294e-02   6.508526e+00  
 5.591634e+01   6.508526e+00  -1.704980e+00  


 Param ==  1.781002e+00  -2.414716e+00   5.591634e+01  -7.602294e-02   6.508526e+00  0.04
-2.313100e+01   2.218070e+00   2.091293e+01   2.248991e+01  -3.092093e+00  -1.939782e+01   2.446003e+01   2.479569e-01  -2.470799e+01  -2.116089e+01  -5.062206e+00   2.622309e+01  
 
 Cauchy = 1.781002e+00  -2.414716e+00   5.591634e+01  
-2.414716e+00  -7.602294e-02   6.508526e+00  
 5.591634e+01   6.508526e+00  -1.704980e+00  


 Param ==  1.781002e+00  -2.414716e+00   5.591634e+01  -7.602294e-02   6.508526e+00  0.05
-2.313100e+01   2.218070e+00   2.091293e+01   2.248991e+01  -3.092093e+00  -1.939782e+01   2.446003e+01   2.479569e-01  -2.470799e+01  -2.116089e+01  -5.062206e+00   2.622309e+01  
 
 Cauchy = 1.781002e+00  -2.414716e+00   5.591634e+01  
-2.414716e+00  -7.602294e-02   6.508526e+00  
 5.591634e+01   6.508526e+00  -1.704980e+00  


 Param ==  1.781002e+00  -2.414716e+00   5.591634e+01  -7.602294e-02   6.508526e+00  0.06
-2.313100e+01   2.218070e+00   2.091293e+01   2.248991e+01  -3.092093e+00  -1.939782e+01   2.446003e+01   2.479569e-01  -2.470799e+01  -2.116089e+01  -5.062206e+00   2.622309e+01  
 
 Cauchy = 1.781002e+00  -2.414716e+00   5.591634e+01  
-2.414716e+00  -7.602294e-02   6.508526e+00  
 5.591634e+01   6.508526e+00  -1.704980e+00  


 Param ==  1.781002e+00  -2.414716e+00   5.591634e+01  -7.602294e-02   6.508526e+00  0.07
-2.313100e+01   2.218070e+00   2.091293e+01   2.248991e+01  -3.092093e+00  -1.939782e+01   2.446003e+01   2.479569e-01  -2.470799e+01  -2.116089e+01  -5.062206e+00   2.622309e+01  
 
 Cauchy = 1.781002e+00  -2.414716e+00   5.591634e+01  
-2.414716e+00  -7.602294e-02   6.508526e+00  
 5.591634e+01   6.508526e+00  -1.704980e+00  


 Param ==  1.781002e+00  -2.414716e+00   5.591634e+01  -7.602294e-02   6.508526e+00  0.08
-2.313100e+01   2.218070e+00   2.091293e+01   2.248991e+01  -3.092093e+00  -1.939782e+01   2.446003e+01   2.479569e-01  -2.470799e+01  -2.116089e+01  -5.062206e+00   2.622309e+01  
 
 Cauchy = 1.781002e+00  -2.414716e+00   5.591634e+01  
-2.414716e+00  -7.602294e-02   6.508526e+00  
 5.591634e+01   6.508526e+00  -1.704980e+00  


 Param ==  1.781002e+00  -2.414716e+00   5.591634e+01  -7.602294e-02   6.508526e+00  0.09
-2.313100e+01   2.218070e+00   2.091293e+01   2.248991e+01  -3.092093e+00  -1.939782e+01   2.446003e+01   2.479569e-01  -2.470799e+01  -2.116089e+01  -5.062206e+00   2.622309e+01  
 
 Cauchy = 1.781002e+00  -2.414716e+00   5.591634e+01  
-2.414716e+00  -7.602294e-02   6.508526e+00  
 5.591634e+01   6.508526e+00  -1.704980e+00  


 Param ==  1.781002e+00  -2.414716e+00   5.591634e+01  -7.602294e-02   6.508526e+00  0.1
-2.313100e+01   2.218070e+00   2.091293e+01   2.248991e+01  -3.092093e+00  -1.939782e+01   2.446003e+01   2.479569e-01  -2.470799e+01  -2.116089e+01  -5.062206e+00   2.622309e+01  
 
 Cauchy = 1.781002e+00  -2.414716e+00   5.591634e+01  
-2.414716e+00  -7.602294e-02   6.508526e+00  
 5.591634e+01   6.508526e+00  -1.704980e+00  


 Param ==  1.781002e+00  -2.414716e+00   5.591634e+01  -7.602294e-02   6.508526e+00  0.01
-2.167562e+01   2.156077e+01   1.148519e-01  -1.637033e+01   1.789020e+01  -1.519867e+00  -2.109766e+01   2.628809e+01  -5.190434e+00  -2.640294e+01   2.261752e+01   3.785419e+00  
 
 Cauchy =-1.862342e+01   5.794152e+00   6.502548e+00  
 5.794152e+00  -1.690133e+01   4.498917e+00  
 6.502548e+00   4.498917e+00   3.552474e+01  


 Param == -1.862342e+01   5.794152e+00   6.502548e+00  -1.690133e+01   4.498917e+00  0.02
-3.172419e+00   2.369147e+01  -2.051905e+01  -2.840938e-01  -2.326002e+01   2.354411e+01  -2.570141e+00   2.597752e+01  -2.340738e+01  -5.458466e+00  -2.097397e+01   2.643244e+01  
 
 Cauchy = 1.256572e-01   2.801947e+00   3.540143e+00  
 2.801947e+00  -3.582080e+00   5.754720e+01  
 3.540143e+00   5.754720e+01   3.456423e+00  


 Param ==  1.256572e-01   2.801947e+00   3.540143e+00  -3.582080e+00   5.754720e+01  0.03
-3.172419e+00   2.369147e+01  -2.051905e+01  -2.840938e-01  -2.326002e+01   2.354411e+01  -2.570141e+00   2.597752e+01  -2.340738e+01  -5.458466e+00  -2.097397e+01   2.643244e+01  
 
 Cauchy = 1.256572e-01   2.801947e+00   3.540143e+00  
 2.801947e+00  -3.582080e+00   5.754720e+01  
 3.540143e+00   5.754720e+01   3.456423e+00  


 Param ==  1.256572e-01   2.801947e+00   3.540143e+00  -3.582080e+00   5.754720e+01  0.04
-3.172419e+00   2.369147e+01  -2.051905e+01  -2.840938e-01  -2.326002e+01   2.354411e+01  -2.570141e+00   2.597752e+01  -2.340738e+01  -5.458466e+00  -2.097397e+01   2.643244e+01  
 
 Cauchy = 1.256572e-01   2.801947e+00   3.540143e+00  
 2.801947e+00  -3.582080e+00   5.754720e+01  
 3.540143e+00   5.754720e+01   3.456423e+00  


 Param ==  1.256572e-01   2.801947e+00   3.540143e+00  -3.582080e+00   5.754720e+01  0.05
-3.172419e+00   2.369147e+01  -2.051905e+01  -2.840938e-01  -2.326002e+01   2.354411e+01  -2.570141e+00   2.597752e+01  -2.340738e+01  -5.458466e+00  -2.097397e+01   2.643244e+01  
 
 Cauchy = 1.256572e-01   2.801947e+00   3.540143e+00  
 2.801947e+00  -3.582080e+00   5.754720e+01  
 3.540143e+00   5.754720e+01   3.456423e+00  


 Param ==  1.256572e-01   2.801947e+00   3.540143e+00  -3.582080e+00   5.754720e+01  0.06
-3.172419e+00   2.369147e+01  -2.051905e+01  -2.840938e-01  -2.326002e+01   2.354411e+01  -2.570141e+00   2.597752e+01  -2.340738e+01  -5.458466e+00  -2.097397e+01   2.643244e+01  
 
 Cauchy = 1.256572e-01   2.801947e+00   3.540143e+00  
 2.801947e+00  -3.582080e+00   5.754720e+01  
 3.540143e+00   5.754720e+01   3.456423e+00  


 Param ==  1.256572e-01   2.801947e+00   3.540143e+00  -3.582080e+00   5.754720e+01  0.07
-3.172419e+00   2.369147e+01  -2.051905e+01  -2.840938e-01  -2.326002e+01   2.354411e+01  -2.570141e+00   2.597752e+01  -2.340738e+01  -5.458466e+00  -2.097397e+01   2.643244e+01  
 
 Cauchy = 1.256572e-01   2.801947e+00   3.540143e+00  
 2.801947e+00  -3.582080e+00   5.754720e+01  
 3.540143e+00   5.754720e+01   3.456423e+00  


 Param ==  1.256572e-01   2.801947e+00   3.540143e+00  -3.582080e+00   5.754720e+01  0.08
-3.172419e+00   2.369147e+01  -2.051905e+01  -2.840938e-01  -2.326002e+01   2.354411e+01  -2.570141e+00   2.597752e+01  -2.340738e+01  -5.458466e+00  -2.097397e+01   2.643244e+01  
 
 Cauchy = 1.256572e-01   2.801947e+00   3.540143e+00  
 2.801947e+00  -3.582080e+00   5.754720e+01  
 3.540143e+00   5.754720e+01   3.456423e+00  


 Param ==  1.256572e-01   2.801947e+00   3.540143e+00  -3.582080e+00   5.754720e+01  0.09
-3.172419e+00   2.369147e+01  -2.051905e+01  -2.840938e-01  -2.326002e+01   2.354411e+01  -2.570141e+00   2.597752e+01  -2.340738e+01  -5.458466e+00  -2.097397e+01   2.643244e+01  
 
 Cauchy = 1.256572e-01   2.801947e+00   3.540143e+00  
 2.801947e+00  -3.582080e+00   5.754720e+01  
 3.540143e+00   5.754720e+01   3.456423e+00  


 Param ==  1.256572e-01   2.801947e+00   3.540143e+00  -3.582080e+00   5.754720e+01  0.1
-3.172419e+00   2.369147e+01  -2.051905e+01  -2.840938e-01  -2.326002e+01   2.354411e+01  -2.570141e+00   2.597752e+01  -2.340738e+01  -5.458466e+00  -2.097397e+01   2.643244e+01  
 
 Cauchy = 1.256572e-01   2.801947e+00   3.540143e+00  
 2.801947e+00  -3.582080e+00   5.754720e+01  
 3.540143e+00   5.754720e+01   3.456423e+00  


 Param ==  1.256572e-01   2.801947e+00   3.540143e+00  -3.582080e+00   5.754720e+01  0.01
-2.131038e+01   2.186265e+01  -5.522680e-01  -2.044623e+01   1.859224e+01   1.853984e+00  -2.560539e+01   2.702181e+01  -1.416420e+00  -2.646954e+01   2.375141e+01   2.718136e+00  
 
 Cauchy =-1.810415e+01   6.323450e+00   1.059168e+00  
 6.323450e+00  -1.969963e+01   4.008447e+00  
 1.059168e+00   4.008447e+00   3.780378e+01  


 Param == -1.810415e+01   6.323450e+00   1.059168e+00  -1.969963e+01   4.008447e+00  0.02
-1.801191e+01   2.255702e+01  -4.545107e+00  -1.715414e+01  -8.428223e+00   2.558236e+01  -2.160196e+01   2.700484e+01  -5.402882e+00  -2.245974e+01  -3.980396e+00   2.644013e+01  
 
 Cauchy = 1.005310e+00   5.451584e+00   1.051351e+00  
 5.451584e+00  -2.477949e+01   3.797779e+01  
 1.051351e+00   3.797779e+01   2.377418e+01  


 Param ==  1.005310e+00   5.451584e+00   1.051351e+00  -2.477949e+01   3.797779e+01  0.03
-1.800644e+01   2.255390e+01  -4.547468e+00  -1.714881e+01  -8.429251e+00   2.557806e+01  -2.159968e+01   2.700477e+01  -5.405098e+00  -2.245730e+01  -3.978383e+00   2.643569e+01  
 
 Cauchy = 1.003037e+00   5.455311e+00   1.051174e+00  
 5.455311e+00  -2.477360e+01   3.797523e+01  
 1.051174e+00   3.797523e+01   2.377056e+01  


 Param ==  1.003037e+00   5.455311e+00   1.051174e+00  -2.477360e+01   3.797523e+01  0.04
-1.800644e+01   2.255390e+01  -4.547468e+00  -1.714881e+01  -8.429251e+00   2.557806e+01  -2.159968e+01   2.700477e+01  -5.405098e+00  -2.245730e+01  -3.978383e+00   2.643569e+01  
 
 Cauchy = 1.003037e+00   5.455311e+00   1.051174e+00  
 5.455311e+00  -2.477360e+01   3.797523e+01  
 1.051174e+00   3.797523e+01   2.377056e+01  


 Param ==  1.003037e+00   5.455311e+00   1.051174e+00  -2.477360e+01   3.797523e+01  0.05
-1.800644e+01   2.255390e+01  -4.547468e+00  -1.714881e+01  -8.429251e+00   2.557806e+01  -2.159968e+01   2.700477e+01  -5.405098e+00  -2.245730e+01  -3.978383e+00   2.643569e+01  
 
 Cauchy = 1.003037e+00   5.455311e+00   1.051174e+00  
 5.455311e+00  -2.477360e+01   3.797523e+01  
 1.051174e+00   3.797523e+01   2.377056e+01  


 Param ==  1.003037e+00   5.455311e+00   1.051174e+00  -2.477360e+01   3.797523e+01  0.06
-1.800644e+01   2.255390e+01  -4.547468e+00  -1.714881e+01  -8.429251e+00   2.557806e+01  -2.159968e+01   2.700477e+01  -5.405098e+00  -2.245730e+01  -3.978383e+00   2.643569e+01  
 
 Cauchy = 1.003037e+00   5.455311e+00   1.051174e+00  
 5.455311e+00  -2.477360e+01   3.797523e+01  
 1.051174e+00   3.797523e+01   2.377056e+01  


 Param ==  1.003037e+00   5.455311e+00   1.051174e+00  -2.477360e+01   3.797523e+01  0.07
-1.800644e+01   2.255390e+01  -4.547468e+00  -1.714881e+01  -8.429251e+00   2.557806e+01  -2.159968e+01   2.700477e+01  -5.405098e+00  -2.245730e+01  -3.978383e+00   2.643569e+01  
 
 Cauchy = 1.003037e+00   5.455311e+00   1.051174e+00  
 5.455311e+00  -2.477360e+01   3.797523e+01  
 1.051174e+00   3.797523e+01   2.377056e+01  


 Param ==  1.003037e+00   5.455311e+00   1.051174e+00  -2.477360e+01   3.797523e+01  0.08
-1.800644e+01   2.255390e+01  -4.547468e+00  -1.714881e+01  -8.429251e+00   2.557806e+01  -2.159968e+01   2.700477e+01  -5.405098e+00  -2.245730e+01  -3.978383e+00   2.643569e+01  
 
 Cauchy = 1.003037e+00   5.455311e+00   1.051174e+00  
 5.455311e+00  -2.477360e+01   3.797523e+01  
 1.051174e+00   3.797523e+01   2.377056e+01  


 Param ==  1.003037e+00   5.455311e+00   1.051174e+00  -2.477360e+01   3.797523e+01  0.09
-1.800644e+01   2.255390e+01  -4.547468e+00  -1.714881e+01  -8.429251e+00   2.557806e+01  -2.159968e+01   2.700477e+01  -5.405098e+00  -2.245730e+01  -3.978383e+00   2.643569e+01  
 
 Cauchy = 1.003037e+00   5.455311e+00   1.051174e+00  
 5.455311e+00  -2.477360e+01   3.797523e+01  
 1.051174e+00   3.797523e+01   2.377056e+01  


 Param ==  1.003037e+00   5.455311e+00   1.051174e+00  -2.477360e+01   3.797523e+01  0.1
-1.800644e+01   2.255390e+01  -4.547468e+00  -1.714881e+01  -8.429251e+00   2.557806e+01  -2.159968e+01   2.700477e+01  -5.405098e+00  -2.245730e+01  -3.978383e+00   2.643569e+01  
 
 Cauchy = 1.003037e+00   5.455311e+00   1.051174e+00  
 5.455311e+00  -2.477360e+01   3.797523e+01  
 1.051174e+00   3.797523e+01   2.377056e+01  


 Param ==  1.003037e+00   5.455311e+00   1.051174e+00  -2.477360e+01   3.797523e+01  0.01
-2.119978e+01   2.216301e+01  -9.632310e-01  -2.115068e+01   1.365039e+01   7.500291e+00  -2.649098e+01   2.750331e+01  -1.012331e+00  -2.654008e+01   1.899068e+01   7.549391e+00  
 
 Cauchy =-1.414290e+01   6.545461e+00   6.018058e-02  
 6.545461e+00  -2.215520e+01   1.043369e+01  
 6.018058e-02   1.043369e+01   3.629809e+01  


 Param == -1.414290e+01   6.545461e+00   6.018058e-02  -2.215520e+01   1.043369e+01  0.02
-1.918623e+01   2.265311e+01  -3.466882e+00  -1.914784e+01  -7.167655e+00   2.631550e+01  -2.398664e+01   2.749191e+01  -3.505269e+00  -2.402503e+01  -2.328855e+00   2.635389e+01  
 
 Cauchy = 1.031347e+00   5.930789e+00   4.704996e-02  
 5.930789e+00  -2.697360e+01   3.655052e+01  
 4.704996e-02   3.655052e+01   2.594225e+01  


 Param ==  1.031347e+00   5.930789e+00   4.704996e-02  -2.697360e+01   3.655052e+01  0.03
-1.918623e+01   2.265311e+01  -3.466882e+00  -1.914784e+01  -7.167655e+00   2.631550e+01  -2.398664e+01   2.749191e+01  -3.505269e+00  -2.402503e+01  -2.328855e+00   2.635389e+01  
 
 Cauchy = 1.031347e+00   5.930789e+00   4.704996e-02  
 5.930789e+00  -2.697360e+01   3.655052e+01  
 4.704996e-02   3.655052e+01   2.594225e+01  


 Param ==  1.031347e+00   5.930789e+00   4.704996e-02  -2.697360e+01   3.655052e+01  0.04
-1.918623e+01   2.265311e+01  -3.466882e+00  -1.914784e+01  -7.167655e+00   2.631550e+01  -2.398664e+01   2.749191e+01  -3.505269e+00  -2.402503e+01  -2.328855e+00   2.635389e+01  
 
 Cauchy = 1.031347e+00   5.930789e+00   4.704996e-02  
 5.930789e+00  -2.697360e+01   3.655052e+01  
 4.704996e-02   3.655052e+01   2.594225e+01  


 Param ==  1.031347e+00   5.930789e+00   4.704996e-02  -2.697360e+01   3.655052e+01  0.05
-1.918623e+01   2.265311e+01  -3.466882e+00  -1.914784e+01  -7.167655e+00   2.631550e+01  -2.398664e+01   2.749191e+01  -3.505269e+00  -2.402503e+01  -2.328855e+00   2.635389e+01  
 
 Cauchy = 1.031347e+00   5.930789e+00   4.704996e-02  
 5.930789e+00  -2.697360e+01   3.655052e+01  
 4.704996e-02   3.655052e+01   2.594225e+01  


 Param ==  1.031347e+00   5.930789e+00   4.704996e-02  -2.697360e+01   3.655052e+01  0.06
-1.918623e+01   2.265311e+01  -3.466882e+00  -1.914784e+01  -7.167655e+00   2.631550e+01  -2.398664e+01   2.749191e+01  -3.505269e+00  -2.402503e+01  -2.328855e+00   2.635389e+01  
 
 Cauchy = 1.031347e+00   5.930789e+00   4.704996e-02  
 5.930789e+00  -2.697360e+01   3.655052e+01  
 4.704996e-02   3.655052e+01   2.594225e+01  


 Param ==  1.031347e+00   5.930789e+00   4.704996e-02  -2.697360e+01   3.655052e+01  0.07
-1.918623e+01   2.265311e+01  -3.466882e+00  -1.914784e+01  -7.167655e+00   2.631550e+01  -2.398664e+01   2.749191e+01  -3.505269e+00  -2.402503e+01  -2.328855e+00   2.635389e+01  
 
 Cauchy = 1.031347e+00   5.930789e+00   4.704996e-02  
 5.930789e+00  -2.697360e+01   3.655052e+01  
 4.704996e-02   3.655052e+01   2.594225e+01  


 Param ==  1.031347e+00   5.930789e+00   4.704996e-02  -2.697360e+01   3.655052e+01  0.08
-1.918623e+01   2.265311e+01  -3.466882e+00  -1.914784e+01  -7.167655e+00   2.631550e+01  -2.398664e+01   2.749191e+01  -3.505269e+00  -2.402503e+01  -2.328855e+00   2.635389e+01  
 
 Cauchy = 1.031347e+00   5.930789e+00   4.704996e-02  
 5.930789e+00  -2.697360e+01   3.655052e+01  
 4.704996e-02   3.655052e+01   2.594225e+01  


 Param ==  1.031347e+00   5.930789e+00   4.704996e-02  -2.697360e+01   3.655052e+01  0.09
-1.918623e+01   2.265311e+01  -3.466882e+00  -1.914784e+01  -7.167655e+00   2.631550e+01  -2.398664e+01   2.749191e+01  -3.505269e+00  -2.402503e+01  -2.328855e+00   2.635389e+01  
 
 Cauchy = 1.031347e+00   5.930789e+00   4.704996e-02  
 5.930789e+00  -2.697360e+01   3.655052e+01  
 4.704996e-02   3.655052e+01   2.594225e+01  


 Param ==  1.031347e+00   5.930789e+00   4.704996e-02  -2.697360e+01   3.655052e+01  0.1
-1.918623e+01   2.265311e+01  -3.466882e+00  -1.914784e+01  -7.167655e+00   2.631550e+01  -2.398664e+01   2.749191e+01  -3.505269e+00  -2.402503e+01  -2.328855e+00   2.635389e+01  
 
 Cauchy = 1.031347e+00   5.930789e+00   4.704996e-02  
 5.930789e+00  -2.697360e+01   3.655052e+01  
 4.704996e-02   3.655052e+01   2.594225e+01  


 Param ==  1.031347e+00   5.930789e+00   4.704996e-02  -2.697360e+01   3.655052e+01  0.01
-2.096351e+01   2.222654e+01  -1.263031e+00  -2.139866e+01   1.687065e+01   4.528011e+00  -2.703667e+01   2.786456e+01  -8.278824e-01  -2.660152e+01   2.250866e+01   4.092862e+00  
 
 Cauchy =-1.694298e+01   6.910362e+00  -5.333502e-01  
 6.910362e+00  -2.094478e+01   6.564576e+00  
-5.333502e-01   6.564576e+00   3.788777e+01  


 Param == -1.694298e+01   6.910362e+00  -5.333502e-01  -2.094478e+01   6.564576e+00  0.02
-1.940221e+01   2.275929e+01  -3.357077e+00  -1.982952e+01  -6.923370e+00   2.675290e+01  -2.492557e+01   2.785533e+01  -2.929763e+00  -2.449825e+01  -1.827329e+00   2.632558e+01  
 
 Cauchy = 1.006629e+00   6.246082e+00  -5.237472e-01  
 6.246082e+00  -2.766900e+01   3.638125e+01  
-5.237472e-01   3.638125e+01   2.666238e+01  


 Param ==  1.006629e+00   6.246082e+00  -5.237472e-01  -2.766900e+01   3.638125e+01  0.03
-1.940221e+01   2.275929e+01  -3.357077e+00  -1.982952e+01  -6.923370e+00   2.675290e+01  -2.492557e+01   2.785533e+01  -2.929763e+00  -2.449825e+01  -1.827329e+00   2.632558e+01  
 
 Cauchy = 1.006629e+00   6.246082e+00  -5.237472e-01  
 6.246082e+00  -2.766900e+01   3.638125e+01  
-5.237472e-01   3.638125e+01   2.666238e+01  


 Param ==  1.006629e+00   6.246082e+00  -5.237472e-01  -2.766900e+01   3.638125e+01  0.04
